version https://git-lfs.github.com/spec/v1
oid sha256:62506d722946c9db914dc97eabb139b5f0e5b090d5f5bc5c0a140519e3d7c768
size 11291
