version https://git-lfs.github.com/spec/v1
oid sha256:8f9b95828b3935cafb524106447349fd16d73ed592fadfed40a5e878d710b197
size 753829
